C(:,1)=1/843606888284160000*mu^13*lambda+1/562404592189440000*lambda^2*mu^12+1/1349771021254656000*lambda^4*mu^10+1/377935885951303680000*lambda^7*mu^7+1/4499236737515520000*lambda^5*mu^9+1/26995420425093120000*lambda^6*mu^8+1/674885510627328000*lambda^3*mu^11+1/2952624108994560000*mu^14;
C(:,2)=1/281202296094720000*omega^2*mu^13-29/2008587829248000*lambda^4*mu^10-37/562404592189440000*lambda^7*mu^7-19/4017175658496000*lambda^5*mu^9-103/120515269754880000*lambda^6*mu^8-79/3012881743872000*lambda^3*mu^11-1/59779399680000*mu^13*lambda-71/2510734786560000*lambda^2*mu^12+1/53990840850186240000*omega^2*mu^6*lambda^7+19/1124809184378880000*omega^2*mu^11*lambda^2+1/562404592189440000*omega^2*mu^8*lambda^5+17/2699542042509312000*omega^2*mu^9*lambda^4+1/3599389390012416000*omega^2*mu^7*lambda^6+1/74987278958592000*omega^2*mu^10*lambda^3+1/84360688828416000*omega^2*lambda*mu^12-1/239661047808000*mu^14;
C(:,3)=-41/1013950586880000*omega^2*mu^13+29/1687213776568320000*omega^4*mu^12+317/7846046208000*mu^13*lambda+1979/62768369664000*lambda^4*mu^10+233/3923023104000*lambda^3*mu^11+2599/39230231040000*lambda^2*mu^12+6233/627683696640000*lambda^5*mu^9+53/418455797760000*lambda^7*mu^7+1/581188608000*lambda^6*mu^8-29/188305108992000*omega^2*lambda*mu^12-619/2510734786560000*omega^2*mu^11*lambda^2-43/1255367393280000*omega^2*mu^8*lambda^5-1/4635202682880*omega^2*mu^10*lambda^3-673/6025763487744000*omega^2*mu^9*lambda^4-139/24103053950976000*omega^2*mu^7*lambda^6-347/843606888284160000*omega^2*mu^6*lambda^7+1/17996946950062080000*omega^4*mu^5*lambda^7+61/1124809184378880000*omega^4*lambda*mu^11+73/1349771021254656000*omega^4*mu^9*lambda^3+1/1101853894901760000*omega^4*mu^6*lambda^6+113/17996946950062080000*omega^4*mu^7*lambda^5+41/562404592189440000*omega^4*mu^10*lambda^2+43/1799694695006208000*omega^4*mu^8*lambda^4+29/2802159360000*mu^14;
C(:,4)=-673/40171756584960000*omega^4*mu^6*lambda^6-8713/80343513169920000*omega^4*mu^7*lambda^5-4871/5021469573120000*omega^4*mu^10*lambda^2-439/1147764473856000*omega^4*mu^8*lambda^4-29/36519778713600*omega^4*mu^9*lambda^3-83/128755630080000*omega^4*lambda*mu^11+1/593305943408640000*omega^6*mu^5*lambda^6+1/77908861255680000*omega^6*mu^6*lambda^5+17/89984734750310400*omega^6*mu^9*lambda^2+23/431926726801489920*omega^6*mu^7*lambda^4+1/7669153529856000*omega^6*mu^8*lambda^3+13/86523783413760000*omega^6*lambda*mu^10+14713/31384184832000*omega^2*mu^10*lambda^3+1039/2905943040000*omega^2*lambda*mu^12+28003/2510734786560000*omega^2*mu^7*lambda^6+1/10798168170037248000*omega^6*mu^4*lambda^7-47/43261891706880000*omega^4*mu^5*lambda^7-10753/124540416000*lambda^3*mu^11-6467/2490808320000*lambda^6*mu^8-4507/23247544320000*lambda^7*mu^7-12277/830269440000*lambda^5*mu^9-1/21565440*lambda^4*mu^10-4943/51891840000*lambda^2*mu^12-2983/51891840000*mu^13*lambda+29/38041436160000*omega^2*mu^6*lambda^7+86629/1255367393280000*omega^2*mu^8*lambda^5+87013/156920924160000*omega^2*mu^11*lambda^2+251/1072963584000*omega^2*mu^9*lambda^4+19/374936394792960000*omega^6*mu^11-3151/17575143505920000*omega^4*mu^12+421/4358914560000*omega^2*mu^13-361/24766560000*mu^14;
C(:,5)=589/1799694695006208000*omega^8*mu^8*lambda^2+17/220370778980352000*omega^8*mu^6*lambda^4+83/399932154445824000*omega^8*mu^7*lambda^3+43/2570992421437440000*omega^8*mu^5*lambda^5+23/81804304318464000*omega^8*lambda*mu^9+739/23911759872000*omega^4*mu^6*lambda^6+1044097/5021469573120000*omega^4*mu^7*lambda^5+650987/313841848320000*omega^4*mu^10*lambda^2+42491/55794106368000*omega^4*mu^8*lambda^4+68623/41845579776000*omega^4*mu^9*lambda^3+43/30191616000*omega^4*lambda*mu^11+1/514198484287488000*omega^8*mu^4*lambda^6-3287/120515269754880000*omega^6*mu^5*lambda^6-877/4463528509440000*omega^6*mu^6*lambda^5-571/251073478656000*omega^6*mu^9*lambda^2-3061/4017175658496000*omega^6*mu^7*lambda^4-5191/3012881743872000*omega^6*mu^8*lambda^3-4073/2510734786560000*omega^6*lambda*mu^10-362641/581188608000*omega^2*mu^10*lambda^3-2031607/4358914560000*omega^2*lambda*mu^12-1074061/69742632960000*omega^2*mu^7*lambda^6-1/639096127488000*omega^6*mu^4*lambda^7+1/10798168170037248000*omega^8*mu^3*lambda^7+461/239117598720000*omega^4*mu^5*lambda^7+386119/6356750400*lambda^3*mu^11+293099/156473856000*lambda^6*mu^8+1709/12108096000*lambda^7*mu^7+224089/21189168000*lambda^5*mu^9+101363/3082060800*lambda^4*mu^10+2817343/42378336000*lambda^2*mu^12+35141/882882000*mu^13*lambda-12407/11623772160000*omega^2*mu^6*lambda^7-6559139/69742632960000*omega^2*mu^8*lambda^5-795661/1089728640000*omega^2*mu^11*lambda^2-2196503/6974263296000*omega^2*mu^9*lambda^4-4231/8787571752960000*omega^6*mu^11+229/2249618368757760000*omega^8*mu^10+21349/52306974720000*omega^4*mu^12-271819/2179457280000*omega^2*mu^13+28927/2889432000*mu^14;
C(:,6)=211/562404592189440000*omega^10*lambda*mu^8+653/1636086086369280000*omega^10*mu^7*lambda^2+37/2570992421437440000*omega^10*mu^4*lambda^5+353/1542595452862464000*omega^10*mu^6*lambda^3-2183/618027024384000*omega^8*mu^8*lambda^2-23509/24103053950976000*omega^8*mu^6*lambda^4-117779/48206107901952000*omega^8*mu^7*lambda^3-719/3213740526796800*omega^8*mu^5*lambda^5-523/191294078976000*omega^8*lambda*mu^9-76663/1992646656000*omega^4*mu^6*lambda^6-3571367/13948526592000*omega^4*mu^7*lambda^5-172691/69742632960*omega^4*mu^10*lambda^2-2588147/2789705318400*omega^4*mu^8*lambda^4-123113/62270208000*omega^4*mu^9*lambda^3-1468541/871782912000*omega^4*lambda*mu^11-653/24103053950976000*omega^8*mu^4*lambda^6+1/701179751301120000*omega^10*mu^3*lambda^6+2273/47823519744000*omega^6*mu^5*lambda^6+50893/143470559232000*omega^6*mu^6*lambda^5+573809/125536739328000*omega^6*mu^9*lambda^2+1432481/1004293914624000*omega^6*mu^7*lambda^4+419719/125536739328000*omega^6*mu^8*lambda^3+4703/1394852659200*omega^6*lambda*mu^10+14514341/36324288000*omega^2*mu^10*lambda^3+37383691/127135008000*omega^2*lambda*mu^12+934813/92461824000*omega^2*mu^7*lambda^6+883/334764638208000*omega^6*mu^4*lambda^7-89/67488551062732800*omega^8*mu^3*lambda^7+1/17996946950062080000*omega^10*mu^2*lambda^7-5639/2324754432000*omega^4*mu^5*lambda^7-5101037/211891680*lambda^3*mu^11-3858913/5085400320*lambda^6*mu^8-2929841/50854003200*lambda^7*mu^7-983027/231154560*lambda^5*mu^9-16691677/1271350080*lambda^4*mu^10-41569391/1589187600*lambda^2*mu^12-24953/1605240*mu^13*lambda+359587/508540032000*omega^2*mu^6*lambda^7+3773071/61641216000*omega^2*mu^8*lambda^5+19664863/42378336000*omega^2*mu^11*lambda^2+206761871/1017080064000*omega^2*mu^9*lambda^4+1/13184576520192000*omega^10*mu^5*lambda^4+7201/6974263296000*omega^6*mu^11-12283/14060114804736000*omega^8*mu^10-83459/174356582400*omega^4*mu^12+17/115365044551680000*omega^10*mu^9+451489/5778864000*omega^2*mu^13-61651/15891876*mu^14;
