C(:,1)=1/882895749120000*mu^7*lambda^5+1/44144787456000*mu^10*lambda^2+1/66217181184000*mu^9*lambda^3+1/176579149824000*mu^8*lambda^4+1/55180984320000*mu^11*lambda+1/10594748989440000*lambda^6*mu^6+1/165542952960000*mu^12;
C(:,2)=-23/350355456000*mu^8*lambda^4-19/1313832960000*mu^7*lambda^5-1/6842880000*mu^11*lambda-1/4777574400*mu^10*lambda^2-31/197074944000*mu^9*lambda^3+1/18393661440000*omega^2*mu^11-83/63063982080000*lambda^6*mu^6+17/110361968640000*omega^2*mu^10*lambda+1/25225592832000*omega^2*mu^7*lambda^4-41/985374720000*mu^12+1/1765791498240000*omega^2*mu^5*lambda^6+1/8828957491200*omega^2*mu^8*lambda^3+13/1765791498240000*omega^2*mu^6*lambda^5+1/5518098432000*omega^2*mu^9*lambda^2;
C(:,3)=7/31531991040000*omega^4*mu^10+18613/98537472000*mu^11*lambda+679/3583180800*mu^9*lambda^3+11963/157659955200*mu^8*lambda^4+469/1791590400*mu^10*lambda^2-61/179159040000*omega^2*mu^11+25193/1576599552000*mu^7*lambda^5+91/65691648000*lambda^6*mu^6+2723/49268736000*mu^12+1/2675441664000*omega^4*mu^7*lambda^3+17/141263319859200*omega^4*mu^6*lambda^4+1/706316599296000*omega^4*mu^4*lambda^6-1669/1576599552000*omega^2*mu^8*lambda^3-493/437944320000*omega^2*mu^10*lambda-397/262766592000*omega^2*mu^9*lambda^2-287/700710912000*omega^2*mu^7*lambda^4-1747/21021327360000*omega^2*mu^6*lambda^5+1/49049763840000*omega^4*mu^5*lambda^5+19/29429858304000*omega^4*mu^8*lambda^2+13/22072393728000*omega^4*mu^9*lambda-109/15765995520000*omega^2*mu^5*lambda^6;
C(:,4)=-1057/912384000*lambda^6*mu^6-251293/4105728000*mu^8*lambda^4-74683/513216000*mu^11*lambda-51457/342144000*mu^9*lambda^3-52507/256608000*mu^10*lambda^2-21539/1642291200*mu^7*lambda^5+59/44144787456000*omega^6*mu^8*lambda+377/529737449472000*omega^6*mu^6*lambda^3+34531/394149888000*omega^2*mu^6*lambda^5+14203/7882997760*omega^2*mu^9*lambda^2+47887/39414988800*omega^2*mu^8*lambda^3+47411/105106636800*omega^2*mu^7*lambda^4+7609/5474304000*omega^2*mu^10*lambda+1/529737449472000*omega^6*mu^3*lambda^6-17/1146617856000*omega^4*mu^4*lambda^6+17/12612796416000*omega^6*mu^7*lambda^2+73/353158299648000*omega^6*mu^5*lambda^4-4889/1576599552000*omega^4*mu^7*lambda^3-79/16422912000*omega^4*mu^8*lambda^2-23/21021327360*omega^4*mu^6*lambda^4-127/32845824000*omega^4*mu^9*lambda+1/32105299968000*omega^6*mu^4*lambda^5-421/2102132736000*omega^4*mu^5*lambda^5+343/49268736000*omega^2*mu^5*lambda^6+1/1839366144000*omega^6*mu^9+14231/32845824000*omega^2*mu^11-247/197074944000*omega^4*mu^10-133/3168000*mu^12;
C(:,5)=1141/2592000*lambda^6*mu^6+182459/8019000*mu^8*lambda^4+420337/8019000*mu^11*lambda+887309/16038000*mu^9*lambda^3+132743/1782000*mu^10*lambda^2+8431/1710720*mu^7*lambda^5-4099/525533184000*omega^6*mu^8*lambda-29/5605687296*omega^6*mu^6*lambda^3-176603/2737152000*omega^2*mu^6*lambda^5-288533/228096000*omega^2*mu^9*lambda^2-355453/410572800*omega^2*mu^8*lambda^3-5363491/16422912000*omega^2*mu^7*lambda^4-123487/128304000*omega^2*mu^10*lambda-13/788299776000*omega^6*mu^3*lambda^6+931/65691648000*omega^4*mu^4*lambda^6+1/706316599296000*omega^8*mu^2*lambda^6-3109/350355456000*omega^6*mu^7*lambda^2-1711/1051066368000*omega^6*mu^5*lambda^4+175819/52553318400*omega^4*mu^7*lambda^3+47243/8758886400*omega^4*mu^8*lambda^2+119189/105106636800*omega^4*mu^6*lambda^4+295267/65691648000*omega^4*mu^9*lambda-1097/4204265472000*omega^6*mu^4*lambda^5+34909/175177728000*omega^4*mu^5*lambda^5+1/35315829964800*omega^8*mu^3*lambda^5+31/141263319859200*omega^8*mu^4*lambda^4+19/22072393728000*omega^8*mu^5*lambda^3+353/176579149824000*omega^8*mu^7*lambda+1289/706316599296000*omega^8*mu^6*lambda^2-343/65691648*omega^2*mu^5*lambda^6-2159/788299776000*omega^6*mu^9+157/176579149824000*omega^8*mu^8-304003/1026432000*omega^2*mu^11+749/497664000*omega^4*mu^10+29981/2004750*mu^12;
C(:,6)=-10739/118800*lambda^6*mu^6-24767/5400*mu^8*lambda^4-76201/7425*mu^11*lambda-164069/14850*mu^9*lambda^3-109396/7425*mu^10*lambda^2-119117/118800*mu^7*lambda^5+11/16052649984000*omega^10*mu^4*lambda^3+1653449/197074944000*omega^6*mu^8*lambda+81319/15765995520*omega^6*mu^6*lambda^3+11080279/513216000*omega^2*mu^6*lambda^5+9575/23328*omega^2*mu^9*lambda^2+6066593/21384000*omega^2*mu^8*lambda^3+27744799/256608000*omega^2*mu^7*lambda^4+1984439/6415200*omega^2*mu^10*lambda+91/6158592000*omega^6*mu^3*lambda^6-119/12830400*omega^4*mu^4*lambda^6-1/100902371328*omega^8*mu^2*lambda^6+1/1765791498240000*omega^10*mu*lambda^6+289961/31531991040*omega^6*mu^7*lambda^2+246211/157659955200*omega^6*mu^5*lambda^4-135023/64152000*omega^4*mu^7*lambda^3-1718647/513216000*omega^4*mu^8*lambda^2-329917/456192000*omega^4*mu^6*lambda^4-78589/28512000*omega^4*mu^9*lambda+23779/98537472000*omega^6*mu^4*lambda^5-528871/4105728000*omega^4*mu^5*lambda^5-23/116785152000*omega^8*mu^3*lambda^5+1/65399685120000*omega^10*mu^2*lambda^5-617/420426547200*omega^8*mu^4*lambda^4+13/88289574912000*omega^10*mu^3*lambda^4+197/117719433216000*omega^10*mu^5*lambda^2+3653/1765791498240000*omega^10*mu^6*lambda-5671/1051066368000*omega^8*mu^5*lambda^3-5381/525533184000*omega^8*mu^7*lambda-44021/4204265472000*omega^8*mu^6*lambda^2+5597/3168000*omega^2*mu^5*lambda^6+43/42042654720000*omega^10*mu^7+200347/65691648000*omega^6*mu^9-2489/630639820800*omega^8*mu^8+9167/97200*omega^2*mu^11-78071/85536000*omega^4*mu^10-7166/2475*mu^12;
C(:,7)=310843/29700*lambda^6*mu^6+15530969/29700*mu^8*lambda^4+8456446/7425*mu^11*lambda+9276643/7425*mu^9*lambda^3+12261494/7425*mu^10*lambda^2+6843803/59400*mu^7*lambda^5+667/441447874560000*omega^12*mu^5*lambda-2543/700710912000*omega^10*mu^4*lambda^3-340249/76032000*omega^6*mu^8*lambda-11520523/4105728000*omega^6*mu^6*lambda^3-5485679/1425600*omega^2*mu^6*lambda^5-6345727/89100*omega^2*mu^9*lambda^2-2212277/44550*omega^2*mu^8*lambda^3-13610909/712800*omega^2*mu^7*lambda^4-4741313/89100*omega^2*mu^10*lambda-5551/684288000*omega^6*mu^3*lambda^6+25963/9504000*omega^4*mu^4*lambda^6+1/220723937280000*omega^12*mu*lambda^5+1603/197074944000*omega^8*mu^2*lambda^6-47/15765995520000*omega^10*mu*lambda^6-4519613/912384000*omega^6*mu^7*lambda^2-7034321/8211456000*omega^6*mu^5*lambda^4+19/52973744947200*omega^12*mu^3*lambda^3+77321219/128304000*omega^4*mu^7*lambda^3+121945511/128304000*omega^4*mu^8*lambda^2+1625153/7776000*omega^4*mu^6*lambda^4+8296483/10692000*omega^4*mu^9*lambda-545909/4105728000*omega^6*mu^4*lambda^5+771493/20528640*omega^4*mu^5*lambda^5+43/706316599296000*omega^12*mu^2*lambda^4+260771/1576599552000*omega^8*mu^3*lambda^5-1789/21021327360000*omega^10*mu^2*lambda^5+33467/26276659200*omega^8*mu^4*lambda^4-571/700710912000*omega^10*mu^3*lambda^4-2881/350355456000*omega^10*mu^5*lambda^2-192383/21021327360000*omega^10*mu^6*lambda+743/706316599296000*omega^12*mu^4*lambda^2+766507/157659955200*omega^8*mu^5*lambda^3+1748117/175177728000*omega^8*mu^7*lambda+1547189/157659955200*omega^8*mu^6*lambda^2-453151/1425600*omega^2*mu^5*lambda^6-124163/31531991040000*omega^10*mu^7-3310489/2052864000*omega^6*mu^9+1/10594748989440000*omega^12*lambda^6+8989/10594748989440000*omega^12*mu^6+3146731/788299776000*omega^8*mu^8-716543/44550*omega^2*mu^11+8182369/32076000*omega^4*mu^10+2357908/7425*mu^12;
