C(:,1)=1/557383680000*lambda^5*mu^5+1/55738368000*mu^6*lambda^4+1/13934592000*mu^7*lambda^3+1/6967296000*mu^8*lambda^2+1/6967296000*mu^9*lambda+1/17418240000*mu^10;
C(:,2)=-59/4644864000*lambda^5*mu^5-53/464486400*mu^6*lambda^4+1/2322432000*omega^2*mu^9-1/1658880*mu^9*lambda-29/145152000*mu^10-47/116121600*mu^7*lambda^3-41/58060800*mu^8*lambda^2+1/2322432000*omega^2*mu^6*lambda^3+11/111476736000*omega^2*mu^5*lambda^4+1/995328000*omega^2*lambda*mu^8+13/13934592000*omega^2*lambda^2*mu^7+1/111476736000*omega^2*mu^4*lambda^5;
C(:,3)=1/153600*lambda^5*mu^5+37/161280*mu^7*lambda^3+179/2903040*mu^6*lambda^4+101/241920*mu^8*lambda^2+1/696729600*omega^4*mu^8+67/181440*mu^9*lambda-43/32256000*omega^2*mu^9+19/151200*mu^10-31/8294400*omega^2*lambda*mu^8+73/27869184000*omega^4*lambda^2*mu^6+43/13934592000*omega^4*lambda*mu^7+61/55738368000*omega^4*mu^5*lambda^3+1/4459069440*omega^4*mu^4*lambda^4+1/55738368000*omega^4*mu^3*lambda^5-251/4644864000*omega^2*mu^4*lambda^5-41/19353600*omega^2*mu^6*lambda^3-503/928972800*omega^2*mu^5*lambda^4-67/16588800*omega^2*lambda^2*mu^7;
C(:,4)=-1763/72000*mu^6*lambda^4-17093/108000*mu^8*lambda^2-1601/18000*mu^7*lambda^3-917/345600*lambda^5*mu^5-4933/36000*mu^9*lambda+2897/3628800*omega^2*mu^9+13/4644864000*omega^6*mu^7-1133/290304000*omega^4*mu^8-137/3000*mu^10-233/23224320*omega^4*lambda*mu^7+2339/1036800*omega^2*lambda^2*mu^7+7871/3628800*omega^2*lambda*mu^8+16453/14515200*omega^2*mu^6*lambda^3+16057/58060800*omega^2*mu^5*lambda^4+11/2654208000*omega^6*lambda^2*mu^5+19/3483648000*omega^6*lambda*mu^6+17/11147673600*omega^6*mu^4*lambda^3+1/3715891200*omega^6*mu^3*lambda^4+109/4147200*omega^2*mu^4*lambda^5+1/55738368000*omega^6*mu^2*lambda^5-23/258048000*omega^4*mu^3*lambda^5-2143/464486400*omega^4*mu^5*lambda^3-241/232243200*omega^4*mu^4*lambda^4-761/77414400*omega^4*lambda^2*mu^6;
C(:,5)=-2681/288000*omega^2*mu^4*lambda^5-101063/144000*omega^2*lambda*mu^8-128707/172800*omega^2*lambda^2*mu^7-660931/1728000*omega^2*mu^6*lambda^3-165079/1728000*omega^2*mu^5*lambda^4-163/2322432000*omega^6*mu^2*lambda^5+1/111476736000*omega^8*mu*lambda^5+337/8294400*omega^4*mu^3*lambda^5+227/37158912000*omega^8*lambda*mu^5+1/796262400*omega^8*mu^3*lambda^3+1/247726080*omega^8*lambda^2*mu^4-2501/464486400*omega^6*mu^4*lambda^3-59/3870720*omega^6*lambda*mu^6+5893/1161216*omega^4*lambda^2*mu^6+132557/58060800*omega^4*mu^5*lambda^3+127/258048*omega^4*mu^4*lambda^4+26083/4838400*omega^4*lambda*mu^7-473/464486400*omega^6*mu^3*lambda^4+1/5573836800*omega^8*mu^2*lambda^4-683/51609600*omega^6*lambda^2*mu^5+453/1000*lambda^5*mu^5+148403/36000*mu^6*lambda^4+132901/9000*mu^7*lambda^3+49711/2250*mu^9*lambda+19429/750*mu^8*lambda^2+15767/7257600*omega^4*mu^8+197/55738368000*omega^8*mu^6-1273/193536000*omega^6*mu^7-18257/72000*omega^2*mu^9+16289/2250*mu^10;
C(:,6)=6157/4500*omega^2*mu^4*lambda^5+19543/200*omega^2*lambda*mu^8+1/15925248000*omega^10*mu*lambda^4+1890911/18000*omega^2*lambda^2*mu^7+1967953/36000*omega^2*mu^6*lambda^3+41527/3000*omega^2*mu^5*lambda^4+3/102400*omega^6*mu^2*lambda^5-17/663552000*omega^8*mu*lambda^5-161/13500*omega^4*mu^3*lambda^5-1483/103219200*omega^8*lambda*mu^5-31/8601600*omega^8*mu^3*lambda^3-829/77414400*omega^8*lambda^2*mu^4+23/9289728000*omega^10*lambda^2*mu^3+3089/1290240*omega^6*mu^4*lambda^3+35647/4838400*omega^6*lambda*mu^6+167/37158912000*omega^10*lambda*mu^4-90897/64000*omega^4*lambda^2*mu^6-1123967/1728000*omega^4*mu^5*lambda^3-16427/115200*omega^4*mu^4*lambda^4-106783/72000*omega^4*lambda*mu^7+2533/5806080*omega^6*mu^3*lambda^4-247/464486400*omega^8*mu^2*lambda^4+17/27869184000*omega^10*mu^2*lambda^3+5653/921600*omega^6*lambda^2*mu^5-2956/75*lambda^5*mu^5-79718/225*mu^6*lambda^4-31328/25*mu^7*lambda^3-409792/225*mu^9*lambda-32528/15*mu^8*lambda^2-16957/28800*omega^4*mu^8+187/61931520000*omega^10*mu^5-5443/774144000*omega^8*mu^6+15997/4838400*omega^6*mu^7+1/557383680000*omega^10*lambda^5+156853/4500*omega^2*mu^9-43936/75*mu^10;
C(:,7)=-22369/225*omega^2*mu^4*lambda^5-1520524/225*omega^2*lambda*mu^8-127/928972800*omega^10*mu*lambda^4+1/6193152000*omega^12*mu*lambda^3-1654622/225*omega^2*lambda^2*mu^7-871541/225*omega^2*mu^6*lambda^3-223439/225*omega^2*mu^5*lambda^4-1141/172800*omega^6*mu^2*lambda^5+77/8294400*omega^8*mu*lambda^5+2609/1800*omega^4*mu^3*lambda^5+121/55738368000*omega^12*lambda*mu^3+23287/3870720*omega^8*lambda*mu^5+4007/2903040*omega^8*mu^3*lambda^3+16579/3870720*omega^8*lambda^2*mu^4-409/77414400*omega^10*lambda^2*mu^3-95591/172800*omega^6*mu^4*lambda^3-7687/4608*omega^6*lambda*mu^6-2677/309657600*omega^10*lambda*mu^4+48005/288*omega^4*lambda^2*mu^6+185291/2400*omega^4*mu^5*lambda^3+30829/1800*omega^4*mu^4*lambda^4+310129/1800*omega^4*lambda*mu^7-11603/115200*omega^6*mu^3*lambda^4+163/829440*omega^8*mu^2*lambda^4-317/232243200*omega^10*mu^2*lambda^3+13/13934592000*omega^12*mu^2*lambda^2-121391/86400*omega^6*lambda^2*mu^5+8656/5*lambda^5*mu^5+385072/25*mu^6*lambda^4+4038976/75*mu^7*lambda^3+1898496/25*mu^9*lambda+2298624/25*mu^8*lambda^2+13567/200*omega^4*mu^8+197/111476736000*omega^12*mu^4-2551/516096000*omega^10*mu^5+29779/9676800*omega^8*mu^6-25619/34560*omega^6*mu^7-1/309657600*omega^10*lambda^5+1/111476736000*omega^12*lambda^4-535672/225*omega^2*mu^9+358144/15*mu^10;
C(:,8)=87952/25*omega^2*mu^4*lambda^5+17149184/75*omega^2*lambda*mu^8+11/55738368000*omega^14*mu*lambda^2+31/774144*omega^10*mu*lambda^4-41/154828800*omega^12*mu*lambda^3+18872704/75*omega^2*lambda^2*mu^7+10050496/75*omega^2*mu^6*lambda^3+104216/3*omega^2*mu^5*lambda^4+557/900*omega^6*mu^2*lambda^5-161/115200*omega^8*mu*lambda^5-18359/225*omega^4*mu^3*lambda^5-1523/464486400*omega^12*lambda*mu^3-185197/172800*omega^8*lambda*mu^5+37/55738368000*omega^14*mu^2*lambda-42259/172800*omega^8*mu^3*lambda^3-6611/8640*omega^8*lambda^2*mu^4+667/387072*omega^10*lambda^2*mu^3+74521/1440*omega^6*mu^4*lambda^3+1110079/7200*omega^6*lambda*mu^6+11527/3870720*omega^10*lambda*mu^4-2079244/225*omega^4*lambda^2*mu^6-969719/225*omega^4*mu^5*lambda^3-216374/225*omega^4*mu^4*lambda^4-2135036/225*omega^4*lambda*mu^7+4259/450*omega^6*mu^3*lambda^4-3857/115200*omega^8*mu^2*lambda^4+35/82944*omega^10*mu^2*lambda^3-71/46448640*omega^12*mu^2*lambda^2+19589/150*omega^6*lambda^2*mu^5-963648/25*lambda^5*mu^5-8483328/25*mu^6*lambda^4-29288448/25*mu^7*lambda^3-39803904/25*mu^9*lambda-49222656/25*mu^8*lambda^2-92928/25*omega^4*mu^8-1327/580608000*omega^12*mu^4+13/18579456000*omega^14*mu^3+8681/4838400*omega^10*mu^5-6999/12800*omega^8*mu^6+246059/3600*omega^6*mu^7+7/8294400*omega^10*lambda^5-1/77414400*omega^12*lambda^4+1/55738368000*omega^14*lambda^3+1989504/25*omega^2*mu^9-12128256/25*mu^10;
