C(:,1)=1/3870720*mu^8+1/61931520*lambda^4*mu^4+1/1935360*mu^7*lambda+1/7741440*mu^5*lambda^3+1/2580480*mu^6*lambda^2;
C(:,2)=11/3870720*omega^2*mu^6*lambda+1/15482880*omega^2*mu^3*lambda^4+1/1720320*omega^2*mu^4*lambda^3+1/516096*omega^2*mu^5*lambda^2-19/48384*mu^8-1/1008*mu^7*lambda-29/32256*mu^6*lambda^2+1/645120*omega^2*mu^7-17/48384*mu^5*lambda^3-13/258048*lambda^4*mu^4;
C(:,3)=-451/96768*omega^2*mu^6*lambda+17/2580480*omega^4*mu^5*lambda+1/967680*omega^4*mu^3*lambda^3-509/387072*omega^2*mu^4*lambda^3-127/774144*omega^2*mu^3*lambda^4+1/10321920*omega^4*mu^2*lambda^4+65/672*mu^8+41/10321920*omega^4*mu^4*lambda^2-35/9216*omega^2*mu^5*lambda^2+31/7741440*omega^4*mu^6+965/4032*mu^7*lambda+1255/16128*mu^5*lambda^3-7/3456*omega^2*mu^7+1685/8064*mu^6*lambda^2+85/8064*lambda^4*mu^4;
C(:,4)=4385/16128*omega^2*mu^4*lambda^3+2125/2016*omega^2*mu^6*lambda+13285/16128*omega^2*mu^5*lambda^2+65/2016*omega^2*mu^3*lambda^4+1/15482880*omega^6*mu*lambda^4-121/64512*omega^4*mu^3*lambda^3-97/10752*omega^4*mu^5*lambda-295/21*mu^8-59/9216*omega^4*mu^4*lambda^2+1/1105920*omega^6*mu^2*lambda^3+11/2580480*omega^6*mu^3*lambda^2+1/172032*omega^6*mu^5+43/5160960*omega^6*mu^4*lambda-7/36864*omega^4*mu^2*lambda^4-10921/336*mu^6*lambda^2-2811/224*mu^5*lambda^3+635/1344*omega^2*mu^7-2375/1344*lambda^4*mu^4-6043/168*mu^7*lambda-71/16128*omega^4*mu^6;
C(:,5)=625/672*omega^4*mu^6+107/20643840*omega^8*mu^4+1/61931520*omega^8*lambda^4-337/64512*omega^6*mu^5-6367/112*omega^2*mu^7+15850/21*mu^8+61169/84*mu^5*lambda^3+209/2*lambda^4*mu^4+13969/7*mu^7*lambda+3695/2*mu^6*lambda^2+1/2580480*omega^8*mu*lambda^3+1105/32256*omega^4*mu^2*lambda^4-23/258048*omega^6*mu*lambda^4+13/5160960*omega^8*mu^2*lambda^2-703/129024*omega^6*mu^3*lambda^2+40175/32256*omega^4*mu^4*lambda^2+1/161280*omega^8*mu^3*lambda-1193/129024*omega^6*mu^4*lambda+235/672*omega^4*mu^3*lambda^3-121/96768*omega^6*mu^2*lambda^3+4225/2304*omega^4*mu^5*lambda-48401/1344*omega^2*mu^4*lambda^3-141605/1344*omega^2*mu^5*lambda^2-7311/56*omega^2*mu^6*lambda-851/192*omega^2*mu^3*lambda^4;
C(:,6)=-265/3*omega^4*mu^6-943/258048*omega^8*mu^4+1/15482880*omega^10*lambda^3-5/387072*omega^8*lambda^4+725/768*omega^6*mu^5+53024/21*omega^2*mu^7+1/344064*omega^10*mu^3-18720*mu^8-19760*mu^5*lambda^3-2890*lambda^4*mu^4-51520*mu^7*lambda-49040*mu^6*lambda^2+1/1290240*omega^10*mu*lambda^2-73/193536*omega^8*mu*lambda^3-1171/336*omega^4*mu^2*lambda^4+25/1792*omega^6*mu*lambda^4-313/129024*omega^8*mu^2*lambda^2+1805/2016*omega^6*mu^3*lambda^2-83029/672*omega^4*mu^4*lambda^2-115/21504*omega^8*mu^3*lambda+6425/4032*omega^6*mu^4*lambda-5947/168*omega^4*mu^3*lambda^3+1595/8064*omega^6*mu^2*lambda^3+1/368640*omega^10*mu^2*lambda-59693/336*omega^4*mu^5*lambda+20335/12*omega^2*mu^4*lambda^3+34037/7*omega^2*mu^5*lambda^2+17735/3*omega^2*mu^6*lambda+1277/6*omega^2*mu^3*lambda^4;
C(:,7)=20868/7*omega^4*mu^6+1/10321920*omega^12*lambda^2+5605/10752*omega^8*mu^4-5/129024*omega^10*lambda^3+5/3584*omega^8*lambda^4-88703/1344*omega^6*mu^5+31/30965760*omega^12*mu^2-48000*omega^2*mu^7-389/258048*omega^10*mu^3+155520*mu^8+192720*mu^5*lambda^3+28800*lambda^4*mu^4+465600*mu^7*lambda+464160*mu^6*lambda^2+1/1548288*omega^12*mu*lambda-67/129024*omega^10*mu*lambda^2+725/16128*omega^8*mu*lambda^3+497/4*omega^4*mu^2*lambda^4-1151/1344*omega^6*mu*lambda^4+2465/8064*omega^8*mu^2*lambda^2-42571/672*omega^6*mu^3*lambda^2+119001/28*omega^4*mu^4*lambda^2+1445/2016*omega^8*mu^3*lambda-5377/48*omega^6*mu^4*lambda+34661/28*omega^4*mu^3*lambda^3-3069/224*omega^6*mu^2*lambda^3-55/32256*omega^10*mu^2*lambda+42235/7*omega^4*mu^5*lambda-34270*omega^2*mu^4*lambda^3-96320*omega^2*mu^5*lambda^2-114760*omega^2*mu^6*lambda-4400*omega^2*mu^3*lambda^4;
C(:,8)=1/5160960*omega^14*mu-37000*omega^4*mu^6-5/129024*omega^12*lambda^2+1/15482880*omega^14*lambda-7993/336*omega^8*mu^4+5/1792*omega^10*lambda^3-7/192*omega^8*lambda^4+41381/28*omega^6*mu^5-263/774144*omega^12*mu^2+302400*omega^2*mu^7+25/168*omega^10*mu^3-860160*mu^8-1075200*mu^5*lambda^3-161280*lambda^4*mu^4-2580480*mu^7*lambda-2580480*mu^6*lambda^2-17/64512*omega^12*mu*lambda+685/16128*omega^10*mu*lambda^2-173/96*omega^8*mu*lambda^3-1430*omega^4*mu^2*lambda^4+73/4*omega^6*mu*lambda^4-9089/672*omega^8*mu^2*lambda^2+19555/14*omega^6*mu^3*lambda^2-51980*omega^4*mu^4*lambda^2-3609/112*omega^8*mu^3*lambda+17314/7*omega^6*mu^4*lambda-14920*omega^4*mu^3*lambda^3+25327/84*omega^6*mu^2*lambda^3+155/1008*omega^10*mu^2*lambda-74220*omega^4*mu^5*lambda+232320*omega^2*mu^4*lambda^3+636240*omega^2*mu^5*lambda^2+740160*omega^2*mu^6*lambda+30720*omega^2*mu^3*lambda^4;
C(:,9)=-25/774144*omega^14*mu+112320*omega^4*mu^6+5/3584*omega^12*lambda^2-5/387072*omega^14*lambda+7339/28*omega^8*mu^4-7/192*omega^10*lambda^3+1/6*omega^8*lambda^4-8840*omega^6*mu^5+185/10752*omega^12*mu^2-430080*omega^2*mu^7+1/61931520*omega^16-4465/1344*omega^10*mu^3+185/16128*omega^12*mu*lambda-391/448*omega^10*mu*lambda^2+56/3*omega^8*mu*lambda^3+4800*omega^4*mu^2*lambda^4-80*omega^6*mu*lambda^4+3939/28*omega^8*mu^2*lambda^2-7740*omega^6*mu^3*lambda^2+151920*omega^4*mu^4*lambda^2+2375/7*omega^8*mu^3*lambda-14100*omega^6*mu^4*lambda+45360*omega^4*mu^3*lambda^3-1610*omega^6*mu^2*lambda^3-367/112*omega^10*mu^2*lambda+216960*omega^4*mu^5*lambda-376320*omega^2*mu^4*lambda^3-967680*omega^2*mu^5*lambda^2-1075200*omega^2*mu^6*lambda-53760*omega^2*mu^3*lambda^4;
